tb2  178    0    0    0
tb2  148    0  72F    0
tb2  148    0  480    0
tb2  148    0  3D1    0
tb2  140    0    0    0
tb2  13C  400    0    0
tb2  13C    0    0   23
tb2  13C    0    0   22
tb2  13C    0    0    0
tb2  138    0    0    0
tb2  120  200    0    0
tb2  120    0    0    0
tb2  118  100    0   11
tb2  118  100    0    7
tb2  118  100    0    5
tb2  118    0    0   1D
tb2  118    0    0   1C
tb2  118    0    0   10
tb2  118    0    0    C
tb2  118    0    0    5
tb2  118    0    0    0
tb2  108    0    0    0
tb2  104  201    0   29
tb2  104  201    0    3
tb2  104    1    0   29
tb2  104    1    0   28
tb2  104    1    0   1B
tb2  104    1    0   15
tb2  104    0    0   31
tb2  104    0    0   30
tb2  104    0    0   2A
tb2  104    0    0   29
tb2  104    0    0   27
tb2  104    0    0   22
tb2  104    0    0   1D
tb2  104    0    0   17
tb2  104    0    0   12
tb2  104    0    0    3
tb2  104    0    0    0
tb2  100  202    0    0
tb2  100  200    0   28
tb2  100  200    0    0
tb2  100    0    0   22
tb2  100    0    0   12
tb2  100    0    0    5
tb2  100    0    0    3
tb2  100    0    0    0
tb2   FC    0    0   22
tb2   FC    0    0    5
tb2   FC    0    0    2
tb2   FC    0    0    0
tb2   D8    0    0    0
tb2   D0    0    0    0
tb2   C8    C    0    0
tb2   C8    A    0    0
tb2   C4    2    0    0
tb2   C4    0    0    0
tb2   B4    0    0    0
tb2   B0 1400    0    0
tb2   B0  600    0    0
tb2   B0  400    0    0
tb2   B0    0    0    0
tb2   AC    0    0    0
tb2   A8   10    0    0
tb2   A8    C    0    0
tb2   A8    4    0    0
tb2   A8    0    0    0
tb2   98    0  480  200
tb2   98    0  480    0
tb2   98    0  320    0
tb2   98    0  270    0
tb2   8C    0    0    0
tb2   84    0    0    0
tb2   7C    0    0    0
tb2   74  200  3E0    0
tb2   6C  400    0    0
tb2   6C  200    0    0
tb2   6C    0    0    0
tb2   64    0    0    0
tb2   60    0  569    0
tb2   60    0  400    0
tb2   58    1    0    0
tb2   58    0    0    0
tb2   50  40A    0    0
tb2   50  20A    0  11C
tb2   50  20A    0  100
tb2   50  20A    0    0
tb2   50  208    0   15
tb2   50  208    0    0
tb2   50  206    0   1C
tb2   50  206    0    0
tb2   50  204    0    0
tb2   50  202    0    0
tb2   50  200    0   28
tb2   50  200    0    0
tb2   50    A    0   1C
tb2   50    8    0    0
tb2   50    6    0   15
tb2   50    6    0    0
tb2   50    4    0   13
tb2   50    2    0    0
tb2   50    0    0   28
tb2   50    0    0   15
tb2   50    0    0    0
tb2   48  200    0   28
tb2   48  200    0   20
tb2   48  200    0    0
tb2   48    0    0    0
tb2   40    0    0    0
tb2   3C    D    0    0
tb2   3C    C    0    0
tb2   3C    B    0    0
tb2   3C    A    0    0
tb2   3C    9    0    0
tb2   3C    8    0    0
tb2   3C    7    0    0
tb2   3C    6    0    0
tb2   3C    5    0    0
tb2   3C    4    0    0
tb2   3C    3    0    0
tb2   3C    2    0    0
tb2   3C    1    0    0
tb2   3C    0    0    0
tb2   38  20A    0   14
tb2   38  20A    0    0
tb2   38  208    0    0
tb2   38  206    0    0
tb2   38  204    0    0
tb2   38  202    0    0
tb2   38  200    0    0
tb2   38    A    0   14
tb2   38    A    0    0
tb2   38    8    0  100
tb2   38    8    0    0
tb2   38    6    0    0
tb2   38    4    0    0
tb2   38    2    0    0
tb2   38    0    0    0
tb2   34  412    0    0
tb2   34  40C    0   10
tb2   34  40C    0    9
tb2   34  40C    0    0
tb2   34  408    0    9
tb2   34  408    0    0
tb2   34  406    0   14
tb2   34  406    0    0
tb2   34  404    0    9
tb2   34  402    0   10
tb2   34  402    0    0
tb2   34  400    0    9
tb2   34  400    0    0
tb2   34  212    0    9
tb2   34  212    0    2
tb2   34  212    0    0
tb2   34  20C    0    0
tb2   34  208    0   10
tb2   34  208    0    0
tb2   34  206    0   17
tb2   34  206    0   14
tb2   34  204    0    0
tb2   34  202    0   10
tb2   34  202    0    0
tb2   34  200    0   17
tb2   34  200    0    E
tb2   34  200    0    0
tb2   34   12    0    0
tb2   34    C    0   10
tb2   34    C    0    0
tb2   34    8    0   10
tb2   34    8    0    0
tb2   34    6    0   25
tb2   34    6    0   14
tb2   34    6    0    0
tb2   34    4    0    0
tb2   34    2    0   10
tb2   34    2    0    0
tb2   34    0    0   11
tb2   34    0    0    0
tb2   30    0    0    0
tb2   28  408    0   1E
tb2   28  406    0    0
tb2   28  404    0   1E
tb2   28  404    0    5
tb2   28  404    0    0
tb2   28  402    0    0
tb2   28  400    0   2F
tb2   28  400    0   1F
tb2   28  400    0    D
tb2   28  400    0    C
tb2   28  400    0    0
tb2   28  208    0    0
tb2   28  206    0    5
tb2   28  206    0    0
tb2   28  204    0   1E
tb2   28  204    0    5
tb2   28  204    0    0
tb2   28  202    0 FF30
tb2   28  202    0   1E
tb2   28  202    0    8
tb2   28  202    0    5
tb2   28  202    0    0
tb2   28  200    0   16
tb2   28  200    0    F
tb2   28  200    0    E
tb2   28  200    0    5
tb2   28  200    0    1
tb2   28  200    0    0
tb2   28    8    0   28
tb2   28    8    0    0
tb2   28    6    0    5
tb2   28    6    0    0
tb2   28    4    0   28
tb2   28    4    0   1E
tb2   28    4    0    5
tb2   28    4    0    0
tb2   28    2    0    8
tb2   28    2    0    0
tb2   28    0    0    C
tb2   28    0    0    B
tb2   28    0    0    5
tb2   28    0    0    1
tb2   28    0    0    0
tb2   24    E    0    0
tb2   24    D    0    0
tb2   24    B    0    0
tb2   24    A    0    0
tb2   24    8    0    0
tb2   24    5    0    0
tb2   24    4    0    0
tb2   24    2    0    0
tb2   24    1    0    0
tb2   18    6    0    0
tb2   18    4    0    0
tb2   18    0    0    0
tb2   14    C    0   28
tb2   14    C    0   27
tb2   14    C    0   15
tb2   14    C    0    F
tb2   14    C    0    9
tb2   14    C    0    0
tb2   14    A    0   27
tb2   14    A    0   15
tb2   14    A    0    C
tb2   14    A    0    1
tb2   14    4    2    3
tb2   14    4    0   32
tb2   14    4    0   31
tb2   14    4    0   2C
tb2   14    4    0   29
tb2   14    4    0   25
tb2   14    4    0   21
tb2   14    4    0   1F
tb2   14    4    0   1B
tb2   14    4    0   18
tb2   14    4    0   15
tb2   14    4    0   12
tb2   14    4    0   10
tb2   14    4    0    F
tb2   14    4    0    C
tb2   14    4    0    B
tb2   14    4    0    7
tb2   14    4    0    6
tb2   14    4    0    4
tb2   14    4    0    3
tb2   14    4    0    2
tb2   14    2    2   22
tb2   14    2    2    7
tb2   14    2    0   34
tb2   14    2    0   31
tb2   14    2    0   2B
tb2   14    2    0   2A
tb2   14    2    0   29
tb2   14    2    0   24
tb2   14    2    0   1C
tb2   14    2    0   19
tb2   14    2    0   13
tb2   14    2    0   11
tb2   14    2    0    6
tb2   14    2    0    5
tb2   14    2    0    3
tb2   14    2    0    2
tb2   14    2    0    0
tb2   14    0    0   35
tb2   14    0    0   31
tb2   14    0    0   2F
tb2   14    0    0   24
tb2   14    0    0   23
tb2   14    0    0   1F
tb2   14    0    0   15
tb2   14    0    0   12
tb2   14    0    0    7
tb2   14    0    0    4
tb2   14    0    0    2
tb2   14    0    0    0
tb2   10    C    0    0
tb2   10    8    0    0
tb2   10    4    0    0
tb2   10    1    0    0
tb2    C  400    0    0
tb2    C    0    0    0
tb2    8  40A    0    0
tb2    8  404    0 FF00
tb2    8  404    0    0
tb2    8  402    0   19
tb2    8  402    0    4
tb2    8  402    0    0
tb2    8  400    0    0
tb2    8  20A    0  100
tb2    8  20A    0    2
tb2    8  20A    0    0
tb2    8  206    0    3
tb2    8  206    0    0
tb2    8  204    0 FF11
tb2    8  204    0 FF00
tb2    8  204    0  100
tb2    8  204    0    0
tb2    8  202    0   27
tb2    8  202    0   25
tb2    8  202    0    4
tb2    8  202    0    0
tb2    8  200    0    4
tb2    8  200    0    0
tb2    8    A    0  100
tb2    8    A    0    0
tb2    8    6    0    0
tb2    8    4    0 FF19
tb2    8    4    0 FF00
tb2    8    4    0  100
tb2    8    4    0   24
tb2    8    4    0    4
tb2    8    4    0    0
tb2    8    2    0 FF00
tb2    8    2    0    7
tb2    8    2    0    4
tb2    8    2    0    0
tb2    8    0    0 FF19
tb2    8    0    0    0
tb2    0   1C    2    0
tb2    0   1C    1    0
tb2    0   16    0    0
tb2    0    A    0    3
tb2    0    8    0    0
tb2    0    0    0    0